6.93097e-310	
6.93097e-310	
1.68803e-316	
1.68803e-316	
2.99945e-241	
2.36351e+77	
4.52252e-307	
4.51035e-307	
1.75574e+64	
5.45353e-312	
1.3961e-309	
0	
9.08302e+97	
5.82702e+63	
3.30222e-71	
1.55966e-259	
5.76984e-306	
5.74889e-306	
5.72794e-306	
5.70699e-306	
6.04205e-306	
6.02111e-306	
6.00016e-306	
5.97921e-306	
5.95827e-306	
5.93732e-306	
2.34315e-308	
2.3231e-308	
2.32679e-308	
2.30673e-308	
2.31042e-308	
2.29037e-308	
2.2946e-308	
5.90216e-306	
2.27824e-308	
5.86165e-306	
2.26187e-308	
5.81976e-306	
5.82921e-306	
5.77787e-306	
5.78731e-306	
5.73597e-306	
5.74542e-306	
2.25632e-308	
5.70352e-306	
2.23995e-308	
6.01764e-306	
2.36265e-308	
5.97574e-306	
2.34629e-308	
2.35052e-308	
2.32992e-308	
2.33416e-308	
2.3141e-308	
2.31779e-308	
5.96292e-306	
2.30143e-308	
5.92102e-306	
2.28506e-308	
5.87913e-306	
5.88858e-306	
5.83724e-306	
5.84668e-306	
5.79534e-306	
5.80479e-306	
5.75345e-306	
5.76428e-306	
2.26315e-308	
5.72239e-306	
2.24732e-308	
6.0365e-306	
2.23096e-308	
2.23465e-308	
2.35366e-308	
2.35735e-308	
2.33729e-308	
2.34098e-308	
6.02229e-306	
2.32462e-308	
5.98039e-306	
2.30825e-308	
5.9385e-306	
5.94795e-306	
5.89661e-306	
5.90744e-306	
5.8561e-306	
5.86555e-306	
5.81421e-306	
5.82366e-306	
2.28688e-308	
5.78176e-306	
2.27052e-308	
5.73987e-306	
2.25415e-308	
2.25784e-308	
2.23779e-308	
2.24148e-308	
2.36049e-308	
2.22511e-308	
5.72565e-306	
